function [ xyz ] = get_xyz(  )

        xyz1 = [400 11.5 185];
        xyz2 = [300 50 100];
        xyz3 = [150 50 120];
        xyz4 = [200 250 150];
        xyz5 = [250 300 50];
        xyz = [xyz1; xyz2; xyz3; xyz4; xyz5];

end

