function [ xyz ] = get_xyz(  )

    xyz1 = [400 11.5 185];
    xyz2 = [350 50 150];
    xyz3 = [250 200 120];
    xyz4 = [200 250 50];
    xyz5 = [250 300 0];
    xyz6 = [350 320 0];
    xyz = [xyz1; xyz2; xyz3; xyz4; xyz5; xyz6];

end

